10 10 10
65 -7 94 76 -35 49 -97 -100 4 96
-17 90 24 -87 -45 -34 40 -97 26 16
-23 -98 -48 -58 0 -47 78 -20 -75 -24
-55 -83 -98 31 -57 67 35 -32 46 56
-34 71 95 55 -96 96 -61 52 11 -31
-54 -66 38 -54 -32 92 -4 -89 25 69
-49 45 14 82 -55 -75 15 90 -26 23
8 -67 -40 -71 40 -46 8 35 -98 -95
-25 2 -65 -91 -47 -63 45 22 30 -54
89 -40 79 23 -60 -40 -1 47 -85 70
-8 82 28 45 100 -9 -44 67 88 72
7 -45 -24 3 86 -55 -86 100 -32 -79
-82 -97 42 -16 -13 86 48 51 -94 67
32 25 -33 -80 66 92 81 6 -37 -28
49 -69 88 -1 31 -89 80 71 19 58
-77 -96 -24 -68 23 -11 22 -29 55 55
-9 66 -44 62 -23 100 -9 29 72 45
-12 13 -43 77 -30 75 -5 -97 55 82
-3 -36 41 -28 -10 -89 77 -55 -56 55
-97 -48 -40 -8 7 -12 1 51 62 -41
