10 10 10
-20 -24 61 77 93 -49 36 -10 21 -14
-15 3 28 -80 56 -97 68 34 -98 44
-26 -33 -49 65 66 -41 -74 -49 -31 -57
24 -32 97 -33 68 -27 25 -31 88 33
-34 -67 -10 82 -97 -85 -38 14 -25 -51
-13 2 65 -16 48 69 62 54 53 44
45 -41 -84 32 -44 8 55 -99 88 -48
75 -93 65 -99 76 -11 -77 41 -4 64
28 60 93 -96 -16 74 -99 0 -90 33
-67 26 25 -25 59 28 41 83 73 11
72 -74 28 57 -65 66 -3 7 52 -85
-58 38 94 78 68 77 -97 84 67 -18
-20 -90 52 -76 74 -52 65 84 28 -77
-65 -50 58 -81 20 -6 -43 9 26 -22
-18 40 -99 -44 51 -31 -81 -22 -64 11
-63 45 17 42 -19 68 -50 -10 8 37
31 -29 98 -56 -35 86 93 -77 38 -62
22 61 -74 46 15 45 21 -12 -99 58
-30 -18 -27 -45 -26 67 97 72 32 98
-92 5 30 9 58 94 -36 -75 95 36
