10 10 10
12 22 -72 -10 46 8 67 -7 53 97
51 -56 49 26 -8 -35 51 83 -91 30
-9 88 85 8 -13 -71 77 -72 -78 -96
-56 -98 37 18 -24 -15 -53 -39 64 77
89 -47 92 -34 82 -27 40 -76 60 23
-85 41 26 56 -92 -4 -32 53 63 68
48 -85 2 -99 75 95 97 -32 -79 -23
-24 -54 3 41 -73 99 60 37 85 -54
70 -85 93 -97 -33 42 7 93 -16 39
86 -95 50 -53 31 -21 -2 89 8 31
6 -68 -43 27 96 70 -62 -9 -56 -88
13 42 -42 5 -78 -40 -94 79 52 78
-5 -20 -89 -76 -66 -10 -84 -53 30 75
36 20 -97 -70 0 47 -50 -13 54 92
97 -99 40 36 -21 9 77 -21 82 19
-64 -39 -44 23 -52 24 -28 -78 -6 -71
0 49 -98 -32 -55 7 -33 -32 92 -75
43 28 -94 -58 22 -37 -22 -13 1 88
68 78 55 -59 11 94 -54 75 -82 -36
75 69 -19 94 -86 90 -7 18 75 -42
